299537
166428
458723
424783
504172
299536
450001
390634
297802
324857
399579
299534
329996
512196
399361
449985
480530
176147
338952
428078
543103
450465
464504
400650
429197
920
424694
438674
24428
245891
284054
532321
671
586347
122917
337167
363088
400157
404368
490132
99861
335983
287947
284053
503616
118340
429471
52371
327331
375588
283995
332562
22
383498
120
508763
260513
157336
271110
672
122
141052
360920
527641
102899
484247
445629
487297
529216
293660
491418
297762
566100
10528
548066
351286
315635
76338
284052
353081
82702
516716
8966
11
627
181808
449563
438799
109445
335984
177572
443055
394741
345887
260346
10191
399402
1726
12445
10195
198663
263115
27205
350
269149
346910
454294
348350
87101
333339
209112
10138
457136
12444
156022
466282
210577
375262
259316
581475
286217
438650
345940
603
19995
278
155
597
452832
674
450487
562
339380
121
522681
447332
550
337339
401469
98566
490033
335988
419430
402900
135397
767
150540
439079
13
140607
184315
567604
67308
238
400535
807
127585
280217
58
105
476344
369972
426563
76757
680
447200
449924
505423
426543
291805
351044
305325
62
446101
444090
381288
446021
519465
673
272
338803
280
131631
411
246655
20352
205596
119450
568908
312221
300668
102651
181533
584166
505954
449443
49026
476651
238636
604
812
474214
166424
194662
514547
1930
242582
78
347375
424139
9334
607
408
68718
9806
2048
608
16869
61791
1865
675
857
321612
49051
126889
268896
424
557
442249
862
76341
329865
401200
49017
129
492452
487558
157433
854
285
273481
8587
206647
296
324552
1422
390043
101
545330
91314
493922
1091
374720
533984
137113
24
427641
400155
106646
150689
93456
50620
500904
322520
228150
551688
218
102382
68721
10020
85
98
491480
621
49521
564701
244786
37724
273248
465914
12
568
4951
566487
9335
399055
338970
840
73
166426
585
591
330459
112160
1771
393
324786
89
534
497
418827
539
334543
27578
339846
41154
47971
586764
354912
36557
429
254128
463272
503761
455207
399360
18
12155
434555
446807
559
426426
2454
177677
8913
9714
463821
442062
425
954
339964
552709
407436
454983
657
640
106
710
348
281957
808
62177
10144
405774
4011
240
293167
809
576314
1366
10764
584131
8681
115
264660
189
571346
152532
313297
381284
216015
197
278927
470044
2062
8392
290595
270303
483906
570269
714
257445
440471
8456
457915
446894
401478
214756
579659
336843
577148
462638
398818
310
198184
50619
57158
586518
587730
316029
313369
281338
11324
207703
70981
605
100402
458423
384756
576334
44214
18239
294254
1924
359940
694
1724
579368
420814
225886
14
489999
315837
9522
33125
87
217
589023
588709
11360
8355
369885
510
314365
587217
863
2105
602
582375
507076
956
589435
17979
537059
1979
9880
1891
56292
454992
517093
168259
515042
111
158852
10140
43074
262500
449176
519473
246741
769
455980
1402
401981
36643
32657
13448
679
2501
4935
82690
461714
18785
277
564
2108
646
18360
346672
38757
438590
50646
8393
517814
1893
437023
53182
500664
297761
343668
316727
585836
339403
463684
9325
65754
668
118
72105
107
12429
101299
4922
787
458594
9737
9437
762
395990
282035